#1
620,288,453,452,13,63,38,88,113,163,188 NoiseO
229,213 NoiseO
65,24 NoiseW
541,593,591,538 NoiseW
232-240 ClusterO
692-700 ClusterO
375,400,432,466,474,452 NoiseW

#2
401,404,405,400,409,408    NoiseO
375-383 ClusterO
359 NoiseO
325 NoiseW
35,68,122,123,121,48,24,85,185,135,610,676 NoiseW
573,688,682,681,684 NoiseO
554-558 NoiseW
459,460 NoiseW

#3
539,597,598,599,591 NoiseO
331,343,348,360,361,696 NoiseW
399-405 ClusterO
281,322,327,328 NoiseW
0,1,2,3,34,67,119,151,81 NoiseW

#4
716,687,614,546 NoiseW
399-410 ClusterO
392,432,443,376,348 NoiseO
26,227 NoiseW
606,604,590,701,717,671 NoiseW
0-6 ClusterW
87,112,108,164,113,124,66 NoiseW

#5
543,618,593,620,668,643,568,518 NoiseO
493,433,314,349,350,139 NoiseO
427,400,378-381,406-409 NoiseO
94,159 NoiseW
